adv_weight[[0.         3.         0.87575841 0.87558562 0.87700784 0.87302572
  0.87062418 0.87002069 0.87246215 0.87812257 0.88750678 0.90046036
  0.91640759 0.9346146  0.95685261 0.98500127 1.01389956 1.04232216
  1.06827366 1.09193075 1.11292505 1.12969339 1.11156094 1.09038281
  1.07518315 1.06476665 1.05004156 1.03045535 1.0158627  1.00009024
  0.98668796 0.9809193  0.97588146 0.97160709 0.9696995  0.9704057
  0.97200078 0.97799355 0.98719954 0.99851108 1.01317799 1.03018045
  1.04231358 1.05424929 1.06635237 1.07670724 1.08614945 1.09188235
  1.09750342 1.10425532 1.09408176 1.08870125 1.08305752 1.0819242 ]
 [1.         4.         0.85029227 0.85015446 0.85013652 0.85006964
  0.85009807 0.85011595 0.85024148 0.85216564 0.86021233 0.87458587
  0.89286804 0.91668099 0.9438476  0.9733302  1.00245404 1.03103614
  1.05524898 1.07534015 1.09418344 1.11081958 1.12406528 1.12324309
  1.11032689 1.10543418 1.09582007 1.08469868 1.07501149 1.06644607
  1.06011152 1.05349386 1.04659355 1.03982353 1.03496099 1.03584349
  1.04273403 1.05428267 1.07007802 1.08776236 1.10571074 1.12139547
  1.13235939 1.13859391 1.14133799 1.13967061 1.13363826 1.1234616
  1.107831   1.08935952 1.0719173  1.05617249 1.04566312 1.0401963 ]
 [2.         5.         0.85031986 0.85016167 0.85013866 0.85007209
  0.85010761 0.85012048 0.85024512 0.85295153 0.85755223 0.85976863
  0.86118656 0.85870349 0.85568678 0.85279799 0.85289323 0.8547681
  0.87120759 0.97906703 1.00646889 1.04959822 1.0910008  1.14894295
  1.14908016 1.06110466 0.96019429 0.87683988 0.85748363 0.85372633
  0.85538232 0.85782868 1.12399888 1.06638253 0.86112261 0.86097229
  0.88977754 0.92943603 1.14078176 1.0934571  1.02252138 0.91677594
  1.10275233 1.10889876 1.09593022 1.12351573 1.14291239 1.12708259
  1.14959729 1.12801242 1.1254642  1.12694228 1.1291908  1.13476241]
 [3.         6.         0.85034764 0.85015213 0.85012686 0.85006785
  0.85009617 0.85010189 0.85020274 0.85064566 0.85104841 0.85140198
  0.85161674 0.85193175 0.85155225 0.85223985 0.85560501 1.10641181
  1.07058179 0.86705285 0.88733304 1.14800239 1.14858449 1.11583233
  1.12064052 1.14979577 1.14029551 0.86746979 0.92006516 0.86905766
  0.86380255 0.85872924 1.13151419 0.86461699 0.85141486 0.85134661
  0.85379338 0.96946502 1.1400032  1.14008474 1.03882861 0.86333025
  1.11544442 1.07000768 1.12184083 1.00387883 1.119133   1.14714384
  1.14931297 0.88799328 0.87087333 0.99238598 0.85519254 0.85191822]
 [4.         7.         0.85022658 0.85010815 0.85009545 0.8500573
  0.8500818  0.85007781 0.85015368 0.85050291 0.85057545 0.85142612
  0.85061401 0.85057855 0.85266572 0.85332966 1.14834774 1.14894783
  0.85337412 0.85168505 1.14653528 0.85056812 1.14980948 0.85464668
  0.90803945 1.14978242 1.14862645 0.85147071 1.12048578 0.85146856
  0.85081297 0.95790941 0.85150796 0.8560366  0.85026246 0.85032105
  0.85118306 1.14302063 1.14872706 1.14863682 1.14605987 1.10291874
  1.1495055  1.14977646 1.1480782  1.14963388 1.10320532 1.09975469
  1.14982796 0.8826049  0.85095239 0.85195047 0.85101312 0.8505615 ]
 [5.         8.         0.85002935 0.85002267 0.85002565 0.85002035
  0.85002315 0.85003495 0.85006797 0.85029185 1.1499064  1.14993024
  1.14993215 1.14993048 1.14997888 1.14997864 1.14996159 1.03225791
  0.85014957 0.85002708 0.8500185  0.85001719 0.85003179 0.85007387
  1.03710055 1.10347223 1.14996529 1.14997506 1.11279309 0.85038018
  0.85008276 0.85012829 0.85007972 0.85004067 0.85002172 0.85001898
  0.8500514  0.85021728 0.85017419 1.14980936 1.1499567  1.14997673
  1.14997721 1.14997029 1.14997602 1.14997697 1.14987016 1.14978027
  1.10359871 0.85005289 0.85003924 0.8500483  0.85012341 0.85019475]
 [6.         9.         0.85002732 0.850021   0.85002363 0.85001904
  0.85002124 0.8500427  0.86801171 0.93781543 1.02714086 1.12461984
  1.14983416 1.14991271 1.14997745 1.1495719  1.07601619 1.00349236
  0.92851335 0.85061276 0.85001707 0.85001677 0.85077584 0.92642051
  0.99707359 1.0566957  1.10334861 1.14545298 1.05348682 0.96596038
  0.89701688 0.85051167 0.85005981 0.8500334  0.85001928 0.85001713
  0.85094488 0.9266417  1.00739729 1.08434987 1.1487093  1.14998126
  1.14998221 1.14997494 1.1499815  1.14992857 1.11288512 1.05426979
  0.98548073 0.91027486 0.85087419 0.8500396  0.85009098 0.85015434]
 [7.         4.         0.85001814 0.85001117 0.85001218 0.85000724
  0.85000694 0.85000777 0.85000646 0.85000622 0.85000879 0.85001326
  0.85002398 0.85005218 1.14998388 1.14991963 1.1499505  1.14997852
  1.14997733 1.1498698  0.85001612 1.14986145 1.14998949 1.14998782
  1.14999044 1.14999056 1.14999342 1.14999545 1.1499505  1.14991307
  0.85020095 0.85008794 0.85001808 0.8500126  0.85000646 0.85000628
  0.85001576 0.85001373 0.85004175 1.14983118 1.14998138 1.14999294
  1.14999342 1.14999008 1.1499933  1.14998281 1.1092521  1.04271054
  0.85008001 0.85001224 0.85001063 0.85000706 0.85000867 0.85001028]
 [8.         5.         0.85001892 0.85001171 0.85001254 0.85000736
  0.85000712 0.85000777 0.85000658 0.85000652 0.85000837 0.85001349
  0.85002303 0.85004318 1.14998484 1.1499207  1.14994609 1.14997721
  1.14997768 1.14993286 0.85001951 1.14991331 1.14998984 1.14998782
  1.14999056 1.14999008 1.14999318 1.14999557 1.1499753  1.14996243
  1.14929235 0.85040903 0.85001856 0.85001397 0.8500067  0.85000664
  0.85001594 0.85001433 0.85003555 0.85016048 1.14996219 1.14999104
  1.14999211 1.14998865 1.14999259 1.14997911 1.14964497 1.14861083
  0.85010856 0.85001397 0.85001171 0.85000765 0.85000932 0.85001087]
 [9.         6.         0.8500191  0.85001183 0.85001266 0.85000741
  0.85000718 0.85000777 0.85000658 0.85000652 0.85000837 0.85001349
  0.85002303 0.85004401 1.14998484 1.14991844 1.14994478 1.14997745
  1.14997792 1.14993536 0.85001987 1.14991999 1.14998996 1.14998794
  1.14999056 1.14998996 1.14999306 1.14999557 1.14997506 1.14996243
  1.14942038 0.85042906 0.85001856 0.85001409 0.8500067  0.85000664
  0.85001594 0.85001415 0.85003489 0.8501454  1.14996076 1.14999092
  1.14999199 1.14998865 1.14999259 1.14997911 1.14977551 1.14778233
  0.85010332 0.85001397 0.85001171 0.85000765 0.85000932 0.85001087]]
Overall Accuracy Before and After: 0.07720 & 0.68480
Before Error_k 0.5 & 0.9: 0.17313 & 2.26420
After Error_k 0.5 & 0.9: 1.76124 & 2.08899
Before Error_n 0.5 & 0.9: 1.83727 & 2.68996
After Error_n 0.5 & 0.9: 0.15980 & 1.96969